An. c. 1590 378

De 0111100110·
1115 1001101105 01
0101150111 51111-
munda.

0005000011· 11111 0111101111511·11101·1 111 115511; 11 1
11110 non 51 110 da imcndew 111 11110110 11111· “
11001101110110 1111110, 11011111111 1)(11· 0550 ha 1111 J
serviro 11011110 0110 101’01’111“1111110 11 011111- ³
ranno. 1

CAPrrOLo Xll.

Del lempo quando si 11110111111111 a mari-
lare, 0 rt‘nzedt'arf‘ 1111115ίο 1101111111, 0 della
clausura della casa.

ln 11110510 0111111010 1111111111 51 110 111111101-
10110 11οΙ 111111 0 1011101110 111 1111051’01101·0,’
0110 0 11 1111001110 111 11110510 10101111, 0 111111
11110510 51 01111110 0110 110110 111 11110110, 11110-
11010 51110 0111 1101111 1111111, 51 11111111111111 11
0105001111 111 0550 0110 51010 1110111 1110111011,
0 11111101101111 1101101050 11011111100111111110 111
11110510 011511, 5001100110 11 11051111 8101111111,
0 1110111010 51010 111 11101111111011111, 11 0110 111)- “
1001111011111110 11 110111 011111111115111110111, 111-
501011110 1110500110 111 5110 1111011111, 111 1110110
111111 11011 0Ιί 51 11100111 1111·Ζο 1111111110, 11
11011110 01111 101111 1051111111, 510 1110110111 11 510
011111100111 111 1111510111 111 11111111 011511 11011110-
111011101110, 011 1111010 051111 11111111 5000011000
0110 1011011 alla 1110051111, 11 51 01115111 0011 111
1111110 0110 1·05101·011110,11 111111111111711 1111110 111-
1111 10110101, 11 11115511 0550110 010110 0011 111“-
1101 110110 110511, 50000110 11 10101110 11110 Dio
011 (10110, 11 10 0111111, 10101111 10 1011011110 11-
51111110, 0, 111110 11110110 01111 5111101110 0051,
11051010 11101101011011110 111 111111 1111111511 0011
10 prolata 11 1101111111011100 1111110 111 1111
‹lm-mitono: 11 50 111011110 101111 1111111111 1101·
1·111101101’1·1 111 11110110 111 fuori in 1111115111 011511,
05500110 5111111 01100110 111 05511 1111 101110,011 ’
1111011110 1011011111210111 501110110110, 110551105-
5011 1110011010, 11011110 111 11010 01111 0101110110-
ranno 0551 0111111111151111111111·, 0 50 pm· l'av-
11111110 1101101111 0110 10 1101Ιο 10101111 0110
1011110000 11051010 111 110110 00511 saccino¹
100Γο551000, 0 510110 11101100110, 0 11100001
¹'Ufficio Divino 1101 81011010, 11110510 51 po-
1111 001110111001·0 0011 5110 Eccellenza, 0 111 3

 

 

BULLARIUM ROMANUM

1111111111, 111 111111 011 1111111111115111110111 0 del
5101101· 1110001110. Molos, 51 11001110110111 11011
11110510 110011ἰο 11 8011 80011111, 0 51 fari]
(1110110 11110 0111100111. Μ11 per ora 1105111 0110
111111110 0110 1011110110 1111510110 510110 11110-
111110; 11 511 11100110 111 110110 10101111 111011-
1111550, 011 05501· 11101111011111 0101111 1110110-
5111110, 011 51 11011-11 110110 10 11000211, 1110 gli
1011111111151111101·1 11011 011 1101100110 11111 dole
111 11110110 01111. 011 51 010111 11 110111 volon-
11051 0101111010, 1111110110 111105Ιο casa 11011 110
01111110οΖ10110 11 1110110110 111 1101111010 01111
1111010 111 1110101 11101105101ὀ; 1110 1011011111)
0550 11010 5011101011ιο de* 51101 11011111 0 110-
1111111, 11011011 51 11110 nc) 11010 impedire,
:111zi 51 11101110 110 1011001100 011 0111101111-
511111011 11110 1111 11005111 11050 0500110 1011
11010101111101105511110111111110501111110 di 11011111
11 111 11111111 111 1111111 11111111.

11 5001111110, (11101111 111111 1011110000 11111111-
111151, 51 01111110 0110, 1111111111110 011’1111“1 111
vomi 011111, 011 01111111111511111011 510110 01)-
111101111 111 00501011κο 11 1110001111111 1111111111
11011111 0001110110, 11 (1011111110 11 1110500110 111
11550 111 11010, 1101110 11110101, 0111111111 10 po-
1111111 1101111 11115οι 11011) quando 0105001111 10
0111111111, 51 1115010 0110 111101011111 degli 0111-
1111015111111111 011 111111 1101111111 della vergine
111111 011 51 11111 10 11010 0110 011 11000111 05501·
1·0111·11111011111·, 0 11110511 001110 ducali li 1111-
11111110 111 11110510 10110οῑ 0 0110. 51 1110110 111
0110-110, 1111111111 5101111111 111 11551, 0 0110 51
1101101010 111 qualche 1111111110 0111110 1100 51
11111·111010,1111 111 111150 0110111Ιο 1110111111 senza
1101111011, 0111111010 0 vitm-nare 111111 dena

‡‹·;1s{1 11 0101101111Ιο 5011111, 1111 11 110510 11

1105511 1115110110111 0 5110 1111100ῐί0, 0 quando
115011111100 11111111 00511 11111· 1110111101151, 51

1 111-001111 0110 11100110 5101101111 5110000010 10

1101101111100111110 011 0110111110, 011 0550 1011-

} 00110 5011111110.1001001111 111 1110011110. Dio 11011

011 51101 11011111011011 0, 11111111101511·0101·1 0110
10 11011110 poste in 11011110 51010, 0 procu-
11110 di vivere di 1110010110 01101101011050111-
11110 1101100111 111 11005111 casa sanim, 0 se

An. C. 1590

1111. 111-14111115 ad
1110111111111110111.

